POWER	40%
0	24.75
100	25.25
200	25.25
299	25.25
399	24.75
499	24.75
599	24.75
698	24.75
797	24.75
897	24.75
996	24.75
1096	24.75
1195	24.75
1295	24.50
1394	24.50
1494	24.50
1593	24.75
1693	24.75
1792	24.75
1892	25.25
1991	25.25
2091	25.25
2190	25.75
2290	25.75
2390	25.75
2489	26.75
2589	26.75
2688	26.75
2788	27.75
2888	27.75
2987	27.75
3087	29.25
3187	29.25
3286	29.25
3386	30.75
3486	30.75
3585	30.75
3685	32.25
3818	32.25
3917	32.25
4017	34.25
4117	34.25
4216	34.25
4316	36.25
4416	36.25
4516	36.25
4615	38.00
4715	38.00
4815	38.00
4914	40.00
5014	40.00
5113	40.00
5213	42.25
5313	42.25
5413	42.25
5512	44.50
5612	44.50
5712	44.50
5812	46.75
5911	46.75
6011	46.75
6111	49.25
6210	49.25
6310	49.25
6410	51.25
6510	51.25
6609	51.25
6709	53.50
6809	53.50
6908	53.50
7008	56.00
7108	56.00
7207	56.00
7307	58.25
7407	58.25
7507	58.25
7606	60.25
7706	60.25
7806	60.25
7905	63.25
8005	63.25
8104	63.25
8204	65.50
8304	65.50
8404	65.50
8503	67.75
8603	67.75
8702	67.75
8802	70.00
8901	70.00
9001	70.00
9101	72.50
9200	72.50
9300	72.50
9400	74.00
9499	74.00
9599	74.00
9699	77.00
9798	77.00
9898	77.00
9997	79.00
10097	79.00
10197	79.00
10296	80.50
10396	80.50
10496	80.50
10596	83.25
10695	83.25
10795	83.25
10894	85.50
10994	85.50
11094	85.50
11193	87.50
11293	87.50
11393	87.50
11492	89.75
11592	89.75
11692	89.75
11791	91.50
11891	91.50
11991	91.50
12090	93.50
12190	93.50
12290	93.50
12389	95.25
12489	95.25
12588	95.25
12688	97.25
12787	97.25
12887	97.25
12986	99.25
13086	99.25
13186	99.25
13285	101.00
13385	101.00
13518	101.00
13617	102.75
13684	102.75
13817	102.75
13916	104.50
14016	104.50
14116	104.50
14216	105.75
14315	105.75
14415	105.75
14515	108.25
14614	108.25
14714	108.25
14814	109.50
14913	109.50
15013	109.50
15113	111.25
15213	111.25
15313	111.25
15412	113.00
15512	113.00
15611	113.00
15711	114.25
15810	114.25
15910	114.25
16010	116.00
16109	116.00
16209	116.00
16309	117.50
16408	117.50
16508	117.50
16608	118.75
16707	118.75
16807	118.75
16907	120.25
17007	120.25
17106	120.25
17206	121.75
17306	121.75
17405	121.75
17505	123.00
17605	123.00
17704	123.00
17804	124.25
17904	124.25
18003	124.25
18103	125.50
18203	125.50
18302	125.50
18402	126.75
18502	126.75
18601	126.75
18701	128.25
18800	128.25
18900	128.25
18999	129.50
19099	129.50
19199	129.50
19299	130.75
19398	130.75
19498	130.75
19597	131.25
19697	131.25
19797	131.25
19896	133.00
19996	133.00
20096	133.00
20195	133.75
20295	133.75
20394	133.75
20494	135.50
20594	135.50
20693	135.50
20793	136.50
20892	136.50
20992	136.50
21092	137.75
21191	137.75
21291	137.75
21390	138.50
21490	138.50
21590	138.50
21690	139.25
21789	139.25
21889	139.25
21989	140.00
22088	140.00
22188	140.00
22288	141.00
22387	141.00
22487	141.00
22586	142.25
22686	142.25
22786	142.25
22885	143.75
22985	143.75
23117	143.75
23217	144.50
23317	144.50
23417	144.50
23517	145.00
23616	145.00
23716	145.00
23816	146.00
23916	146.00
24015	146.00
24115	147.25
24215	147.25
24314	147.25
24414	148.00
24514	148.00
24613	148.00
24713	148.50
24813	148.50
24912	148.50
25012	149.75
25112	149.75
25211	149.75
25311	150.50
25411	150.50
25510	150.50
25610	151.25
25710	151.25
25809	151.25
25909	152.00
26009	152.00
26108	152.00
26208	152.75
26307	152.75
26407	152.75
26507	153.25
26606	153.25
26706	153.25
26806	154.25
26905	154.25
27005	154.25
27104	155.00
27204	155.00
27304	155.00
27403	155.75
27503	155.75
27603	155.75
27702	156.50
27802	156.50
27902	156.50
28001	157.00
28101	157.00
28200	157.00
28300	158.00
28400	158.00
28499	158.00
28599	158.50
28698	158.50
28798	158.50
28898	159.25
28997	159.25
29097	159.25
29196	159.50
29296	159.50
29396	159.50
29495	160.50
29595	160.50
29695	160.50
29795	160.75
29894	160.75
29994	160.75
30093	161.75
30193	161.75
30293	161.75
30393	162.00
30492	162.00
30592	162.00
30692	163.00
30791	163.00
30891	163.00
30990	163.50
31090	163.50
31190	163.50
31289	164.00
31389	164.00
31489	164.00
31588	164.75
31688	164.75
31788	164.75
31887	165.25
31987	165.25
32086	165.25
32186	165.50
32285	165.50
32385	165.50
32518	166.25
32585	166.25
32684	166.25
32784	166.75
32917	166.75
33017	166.75
33116	167.25
33216	167.25
33316	167.25
33416	167.75
33515	167.75
33615	167.75
33715	168.50
33815	168.50
33914	168.50
34014	169.00
34114	169.00
34214	169.00
34313	169.50
34413	169.50
34513	169.50
34612	170.00
34712	170.00
34812	170.00
34911	170.50
35011	170.50
35110	170.50
35210	170.50
35310	170.50
35410	170.50
35509	171.50
35609	171.50
35708	171.50
35808	171.50
35908	171.50
36007	171.50
36107	172.25
36207	172.25
36307	172.25
36406	172.75
36506	172.75
36605	172.75
36705	173.25
36805	173.25
36904	173.25
37004	173.00
37104	173.00
37203	173.00
37303	174.00
37402	174.00
37502	174.00
37601	174.50
37701	174.50
37801	174.50
37900	175.00
38000	175.00
38100	175.00
38199	175.00
38299	175.00
38398	175.00
38498	175.00
38598	175.00
38698	175.00
38798	175.50
38897	175.50
38997	175.50
39096	175.75
39196	175.75
39295	175.75
39395	176.50
39495	176.50
39595	176.50
39694	176.75
39794	176.75
39894	176.75
39993	177.50
40093	177.50
40193	177.50
40292	177.75
40392	177.75
40492	177.75
40591	178.00
40691	178.00
40791	178.00
40890	178.50
40990	178.50
41089	178.50
41189	178.75
41289	178.75
41389	178.75
41488	179.00
41588	179.00
41688	179.00
41787	179.75
41887	179.75
41986	179.75
42086	180.00
42186	180.00
42285	180.00
42385	180.25
42484	180.25
42617	180.25
42717	180.50
42817	180.50
42916	180.50
43016	181.00
43115	181.00
43215	181.00
43315	181.25
43414	181.25
43514	181.25
43614	181.50
43713	181.50
43813	181.50
43913	181.75
44012	181.75
44112	181.75
44212	182.00
44311	182.00
44411	182.00
44511	182.00
44610	182.00
44710	182.00
44810	182.75
44909	182.75
45009	182.75
45108	182.75
45208	182.75
45308	182.75
45407	183.50
45507	183.50
45607	183.50
45707	183.75
45806	183.75
45906	183.75
46005	184.00
46105	184.00
46205	184.00
46304	184.25
46404	184.25
46503	184.25
46603	184.75
46703	184.75
46802	184.75
46902	185.00
47002	185.00
47102	185.00
47201	185.00
47301	185.00
47400	185.00
47500	185.25
47600	185.25
47699	185.25
47799	185.25
47899	185.25
47998	185.25
48098	186.00
48198	186.00
48297	186.00
48397	185.75
48496	185.75
48596	185.75
48695	186.50
48795	186.50
48895	186.50
48994	186.75
49094	186.75
49194	186.75
49293	187.00
49393	187.00
49492	187.00
49592	187.25
49692	187.25
49791	187.25
49891	187.25
49991	187.25
50091	187.25
50190	187.75
50290	187.75
50389	187.75
50489	187.75
50589	187.75
50688	187.75
50788	187.50
50887	187.50
50987	187.50
51086	188.50
51186	188.50
51286	188.50
51385	188.75
51485	188.75
51618	188.75
51684	188.75
51817	188.75
51917	188.75
52016	188.50
52116	188.50
52215	188.50
52315	189.00
52415	189.00
52514	189.00
52614	189.25
52714	189.25
52813	189.25
52913	189.75
53012	189.75
53112	189.75
53211	189.50
53311	189.50
53411	189.50
53510	189.75
53610	189.75
53710	189.75
53809	190.50
53909	190.50
54009	190.50
54108	190.50
54208	190.50
54308	190.50
54407	191.00
54507	191.00
54606	191.00
54706	191.00
54806	191.00
54905	191.00
55005	191.25
55105	191.25
55204	191.25
55304	191.50
55404	191.50
55504	191.50
55603	191.25
55703	191.25
55803	191.25
55902	191.75
56002	191.75
56101	191.75
56201	192.00
56300	192.00
56400	192.00
56500	192.25
56600	192.25
56699	192.25
56799	192.00
56898	192.00
56998	192.00
57098	192.50
57197	192.50
57296	192.50
57396	192.75
57495	192.75
57595	192.75
57694	193.00
57794	193.00
57893	193.00
57993	193.25
58092	193.25
58192	193.25
58291	193.25
58391	193.25
58491	193.25
58590	193.50
58690	193.50
58789	193.50
58889	193.50
58988	193.50
59088	193.50
59188	193.50
59287	193.50
59387	193.50
59486	194.00
59586	194.00
59685	194.00
59785	194.25
59884	194.25
60017	194.25
60117	194.00
60217	194.00
60316	194.00
60416	194.50
60515	194.50
60615	194.50
60715	194.50
60815	194.50
60914	194.50
61014	195.00
61113	195.00
61213	195.00
61313	195.00
61413	195.00
61512	195.00
61612	195.25
61711	195.25
61811	195.25
61911	195.50
62010	195.50
62110	195.50
62210	195.25
62309	195.25
62409	195.25
62508	195.75
62607	195.75
62707	195.75
62806	195.75
62906	195.75
63005	195.75
63105	195.75
63205	195.75
63305	195.75
63404	196.00
63504	196.00
63604	196.00
63703	196.25
63803	196.25
63903	196.25
64002	196.50
64102	196.50
64202	196.50
64301	196.75
64401	196.75
64501	196.75
64600	196.75
64700	196.75
64800	196.75
64899	196.75
64999	196.75
65099	196.75
65198	197.00
65298	197.00
65398	197.00
65498	196.75
65597	196.75
65697	196.75
65796	197.25
65896	197.25
65996	197.25
66095	197.50
66195	197.50
66295	197.50
66395	197.75
66494	197.75
66594	197.75
66694	198.00
66793	198.00
66893	198.00
66993	198.00
67092	198.00
67192	198.00
67292	198.25
67391	198.25
67491	198.25
67591	198.50
67690	198.50
67790	198.50
67889	198.50
67989	198.50
68088	198.50
68188	198.50
68288	198.50
68387	198.50
68487	198.50
68587	198.50
68686	198.50
68786	198.75
68886	198.75
68985	198.75
69085	199.00
69185	199.00
69284	199.00
69417	199.00
69517	199.00
69616	199.00
69715	198.75
69815	198.75
69915	198.75
70014	199.25
70114	199.25
70214	199.25
70314	199.25
70413	199.25
70513	199.25
70612	199.25
70712	199.25
70812	199.25
70911	199.75
71011	199.75
71110	199.75
71210	200.00
71310	200.00
71410	200.00
71509	200.00
71609	200.00
71709	200.00
71808	200.00
71908	200.00
72007	200.00
72107	200.25
72207	200.25
72307	200.25
72406	200.25
72506	200.25
72605	200.25
72705	200.00
72805	200.00
72905	200.00
73004	200.50
73104	200.50
73203	200.50
73303	200.75
73403	200.75
73502	200.75
73602	200.50
73702	200.50
73801	200.50
73901	201.00
74001	201.00
74100	201.00
74200	200.75
74299	200.75
74399	200.75
74499	200.50
74598	200.50
74698	200.50
74797	201.25
74897	201.25
74997	201.25
75096	201.25
75196	201.25
75296	201.25
75395	201.50
75495	201.50
75594	201.50
75694	201.50
75794	201.50
75894	201.50
75993	201.25
76093	201.25
76193	201.25
76293	201.50
76392	201.50
76492	201.50
76592	201.75
76691	201.75
76791	201.75
76891	202.00
76991	202.00
77090	202.00
77190	202.25
77290	202.25
77389	202.25
77489	202.00
77589	202.00
77688	202.00
77788	202.25
77887	202.25
77987	202.25
78087	202.25
78186	202.25
78286	202.25
78386	202.25
78485	202.25
78585	202.25
78685	202.50
78818	202.50
78917	202.50
79017	202.50
79116	202.50
79216	202.50
79316	202.50
79415	202.50
79515	202.50
79614	202.50
79714	202.50
79813	202.50
79913	202.75
80013	202.75
80112	202.75
80212	202.75
80312	202.75
80412	202.75
80511	202.75
80611	202.75
80711	202.75
80810	203.25
80910	203.25
81010	203.25
81109	202.75
81209	202.75
81308	202.75
81408	203.50
81508	203.50
81607	203.50
81707	203.00
81807	203.00
81906	203.00
82006	203.50
82105	203.50
82205	203.50
82304	203.50
82404	203.50
82503	203.50
82603	203.75
82703	203.75
82802	203.75
82902	203.75
83001	203.75
83101	203.75
83200	203.75
83300	203.75
83400	203.75
83499	203.50
83599	203.50
83698	203.50
83798	204.00
83898	204.00
83997	204.00
84097	204.25
84197	204.25
84297	204.25
84396	204.25
84496	204.25
84596	204.25
84695	204.25
84795	204.25
84895	204.25
84995	204.25
85095	204.25
85194	204.25
85294	204.00
85394	204.00
85493	204.00
85593	204.75
85692	204.75
85792	204.75
85891	204.50
85991	204.50
86091	204.50
86190	204.25
86290	204.25
86390	204.25
86490	204.75
86589	204.75
86689	204.75
86789	204.75
86888	204.75
86988	204.75
87088	204.75
87187	204.75
87287	204.75
87387	205.00
87487	205.00
87586	205.00
87686	204.50
87785	204.50
87885	204.50
87985	205.00
88118	205.00
88217	205.00
88317	205.00
88416	205.00
88516	205.00
88616	205.25
88715	205.25
88815	205.25
88915	205.25
89014	205.25
89114	205.25
89213	205.25
89313	205.25
89413	205.25
89512	205.00
89612	205.00
89711	205.00
89811	204.75
89911	204.75
90011	204.75
90111	204.50
90210	204.50
90310	204.50
90410	205.50
90509	205.50
90609	205.50
90709	205.50
90808	205.50
90908	205.50
91008	205.50
91108	205.50
91207	205.50
91307	205.25
91407	205.25
91506	205.25
91606	205.50
91705	205.50
91805	205.50
91905	206.00
92004	206.00
92104	206.00
92204	206.00
92303	206.00
92403	206.00
92503	206.00
92602	206.00
92702	206.00
92802	205.75
92902	205.75
93001	205.75
93101	206.00
93200	206.00
93300	206.00
93400	206.25
93500	206.25
93599	206.25
93699	205.75
93798	205.75
93898	205.75
93998	206.25
94098	206.25
94197	206.25
94297	206.25
94397	206.25
94496	206.25
94596	206.00
94696	206.00
94795	206.00
94895	206.50
94995	206.50
95095	206.50
95195	206.25
95294	206.25
95394	206.25
95493	206.25
95593	206.25
95692	206.25
95792	206.75
95892	206.75
95991	206.75
96091	206.50
96190	206.50
96290	206.50
96390	206.00
96489	206.00
96589	206.00
96689	206.25
96789	206.25
96888	206.25
96988	207.00
97087	207.00
97187	207.00
97286	207.00
97386	207.00
97486	207.00
97585	206.75
97685	206.75
97784	206.75
97884	206.25
98017	206.25
98117	206.25
98216	207.00
98316	207.00
98416	207.00
98515	206.75
98615	206.75
98715	206.75
98814	207.25
98914	207.25
99014	207.25
99113	207.00
99213	207.00
99313	207.00
99412	207.25
99512	207.25
99611	207.25
99711	207.00
99810	207.00
99910	207.00
100009	207.00
100108	207.00
100208	207.00
100307	207.25
100406	207.25
100506	207.25
100606	207.75
100705	207.75
100804	207.75
100904	207.50
101004	207.50
101103	207.50
101203	207.50
101302	207.50
101402	207.50
101501	207.75
101601	207.75
101701	207.75
101800	207.00
101900	207.00
102000	207.00
102099	207.50
102199	207.50
102298	207.50
102398	207.75
102498	207.75
102597	207.75
102697	207.75
102797	207.75
102897	207.75
102996	207.75
103095	207.75
103195	207.75
103294	207.75
103394	207.75
103493	207.75
103593	208.00
103692	208.00
POWER	80%
103792	208.00
103891	208.00
103991	208.00
104090	208.00
104190	208.25
104290	208.25
104389	208.25
104489	207.75
104589	207.75
104688	207.75
104788	207.75
104887	207.75
104987	207.75
105087	208.00
105187	208.00
105286	208.00
105386	208.00
105486	208.00
105585	208.00
105685	207.75
105785	207.75
105885	207.75
106017	208.75
106117	208.75
106217	208.75
106316	209.25
106416	209.25
106516	209.25
106615	210.50
106715	210.50
106815	210.50
106914	212.00
107014	212.00
107114	212.00
107213	212.75
107313	212.75
107413	212.75
107513	214.25
107612	214.25
107712	214.25
107812	216.00
107911	216.00
108011	216.00
108111	217.25
108210	217.25
108310	217.25
108410	219.00
108509	219.00
108609	219.00
108709	221.00
108808	221.00
108908	221.00
109008	222.75
109107	222.75
109207	222.75
109307	225.00
109406	225.00
109506	225.00
109606	226.75
109705	226.75
109805	226.75
109905	228.25
110005	228.25
110104	228.25
110204	230.25
110304	230.25
110403	230.25
110503	232.50
110603	232.50
110703	232.50
110802	234.75
110902	234.75
111001	234.75
111101	236.75
111201	236.75
111300	236.75
111400	239.00
111499	239.00
111599	239.00
111699	240.75
111799	240.75
111898	240.75
111998	242.50
112098	242.50
112198	242.50
112297	244.25
112397	244.25
112497	244.25
112596	246.75
112696	246.75
112796	246.75
112896	248.75
112995	248.75
113095	248.75
113195	250.25
113294	250.25
113394	250.25
113494	252.50
113593	252.50
113693	252.50
113793	254.25
113893	254.25
113992	254.25
114092	256.25
114192	256.25
114291	256.25
114391	257.75
114491	257.75
114590	257.75
114690	260.00
114790	260.00
114890	260.00
114989	261.75
115089	261.75
115188	261.75
115288	263.50
115388	263.50
115487	263.50
115587	264.75
115687	264.75
115786	264.75
115885	266.50
115985	266.50
116085	266.50
116185	268.75
116284	268.75
116417	268.75
116517	269.75
116616	269.75
116716	269.75
116816	271.75
116915	271.75
117015	271.75
117114	273.75
117214	273.75
117314	273.75
117413	274.75
117513	274.75
117612	274.75
117711	276.25
117811	276.25
117910	276.25
118010	278.25
118109	278.25
118209	278.25
118309	280.00
118408	280.00
118508	280.00
118608	281.50
118707	281.50
118807	281.50
118906	282.25
119006	282.25
119106	282.25
119206	284.00
119305	284.00
119405	284.00
119504	285.50
119604	285.50
119704	285.50
119804	287.00
119903	287.00
120003	287.00
120103	288.00
120202	288.00
120302	288.00
120402	289.75
120501	289.75
120601	289.75
120701	291.25
120800	291.25
120900	291.25
120999	292.50
121099	292.50
121198	292.50
121298	294.00
121397	294.00
121497	294.00
121596	294.75
121696	294.75
121795	294.75
121894	296.50
121994	296.50
122093	296.50
122192	297.50
122292	297.50
122392	297.50
122491	299.00
122591	299.00
122690	299.00
122790	299.75
122889	299.75
122989	299.75
123088	301.25
123188	301.25
123288	301.25
123387	302.25
123487	302.25
123586	302.25
123685	303.50
123785	303.50
123885	303.50
124017	305.00
124117	305.00
124217	305.00
124317	305.50
124416	305.50
124516	305.50
124616	306.75
124715	306.75
124815	306.75
124915	308.00
125014	308.00
125114	308.00
125214	309.25
125313	309.25
125413	309.25
125512	310.25
125612	310.25
125712	310.25
125811	311.25
125911	311.25
126011	311.25
126110	312.25
126210	312.25
126309	312.25
126409	313.25
126509	313.25
126608	313.25
126708	314.25
126808	314.25
126908	314.25
127007	315.25
127107	315.25
127207	315.25
127306	315.75
127406	315.75
127506	315.75
127605	317.25
127705	317.25
127804	317.25
127904	318.00
128004	318.00
128103	318.00
128203	318.75
128303	318.75
128403	318.75
128502	319.25
128602	319.25
128701	319.25
128801	321.00
128901	321.00
129000	321.00
129100	321.25
129200	321.25
129299	321.25
129399	322.25
129498	322.25
129598	322.25
129697	323.00
129797	323.00
129897	323.00
129996	324.00
130096	324.00
130196	324.00
130295	325.25
130395	325.25
130495	325.25
130595	325.75
130694	325.75
130794	325.75
130893	326.25
130993	326.25
131093	326.25
131192	327.75
131292	327.75
131391	327.75
131491	328.25
131591	328.25
131690	328.25
131790	329.25
131890	329.25
131989	329.25
132089	329.50
132188	329.50
132288	329.50
132388	330.00
132487	330.00
132587	330.00
132687	331.75
132786	331.75
132886	331.75
132986	332.50
133086	332.50
133186	332.50
133285	332.75
133385	332.75
133485	332.75
133585	333.75
133684	333.75
133784	333.75
133884	334.50
134016	334.50
134116	334.50
134216	335.50
134316	335.50
134416	335.50
134515	335.75
134615	335.75
134715	335.75
134814	336.75
134914	336.75
135014	336.75
135113	337.50
135213	337.50
135313	337.50
135412	338.00
135512	338.00
135612	338.00
135711	338.75
135811	338.75
135911	338.75
136010	339.25
136110	339.25
136210	339.25
136309	339.75
136409	339.75
136509	339.75
136608	340.25
136708	340.25
136807	340.25
136907	341.00
137007	341.00
137106	341.00
137206	342.25
137306	342.25
137405	342.25
137505	342.75
137604	342.75
137704	342.75
137803	343.25
137903	343.25
138003	343.25
138102	343.75
138202	343.75
138302	343.75
138402	344.25
138501	344.25
138601	344.25
138700	344.75
138800	344.75
138900	344.75
138999	345.75
139099	345.75
139199	345.75
139298	346.50
139398	346.50
139497	346.50
139597	347.00
139696	347.00
139796	347.00
139896	347.50
139995	347.50
140095	347.50
140195	347.25
140294	347.25
140394	347.25
140494	348.25
140593	348.25
140693	348.25
140793	348.75
140892	348.75
140992	348.75
141092	349.75
141191	349.75
141291	349.75
141390	350.25
141490	350.25
141590	350.25
141689	350.50
141789	350.50
141888	350.50
141988	351.00
142088	351.00
142187	351.00
142287	351.75
142387	351.75
142486	351.75
142586	352.25
142686	352.25
142785	352.25
142885	352.75
142985	352.75
143084	352.75
143184	353.00
143317	353.00
143416	353.00
143516	353.50
143616	353.50
143715	353.50
143815	354.25
143915	354.25
144014	354.25
144114	354.50
144214	354.50
144313	354.50
144413	354.75
144513	354.75
144613	354.75
144712	355.75
144812	355.75
144912	355.75
145011	356.25
145111	356.25
145211	356.25
145311	356.50
145410	356.50
145510	356.50
145609	357.50
145709	357.50
145808	357.50
145908	357.50
146008	357.50
146107	357.50
146207	358.00
146307	358.00
146407	358.00
146506	358.25
146606	358.25
146705	358.25
146805	359.00
146905	359.00
147004	359.00
147104	359.50
147204	359.50
147303	359.50
147403	360.00
147502	360.00
147602	360.00
147701	360.25
147801	360.25
147901	360.25
148000	360.75
148100	360.75
148200	360.75
148299	361.75
148399	361.75
148498	361.75
148598	361.50
148698	361.50
148797	361.50
148897	362.25
148997	362.25
149096	362.25
149196	362.25
149296	362.25
149396	362.25
149495	363.00
149595	363.00
149694	363.00
149794	363.50
149894	363.50
149993	363.50
150093	364.25
150193	364.25
150292	364.25
150392	364.75
150492	364.75
150591	364.75
150691	365.00
150791	365.00
150890	365.00
150990	365.25
151090	365.25
151190	365.25
151289	366.00
151389	366.00
151488	366.00
151588	366.00
151688	366.00
151787	366.00
151887	366.25
151986	366.25
152085	366.25
152185	367.25
152284	367.25
152417	367.25
152517	367.25
152583	367.25
152716	367.25
152816	367.25
152915	367.25
153015	367.25
153115	368.25
153214	368.25
153314	368.25
153414	368.75
153513	368.75
153612	368.75
153712	369.25
153812	369.25
153912	369.25
154011	369.25
154111	369.25
154210	369.25
154310	369.75
154410	369.75
154509	369.75
154609	370.25
154709	370.25
154808	370.25
154908	370.25
155008	370.25
155107	370.25
155207	370.50
155307	370.50
155407	370.50
155506	371.00
155606	371.00
155706	371.00
155805	371.75
155905	371.75
156004	371.75
156104	372.25
156204	372.25
156303	372.25
156403	372.25
156503	372.25
156603	372.25
156702	372.75
156802	372.75
156902	372.75
157001	372.75
157101	372.75
157201	372.75
157300	373.25
157400	373.25
157500	373.25
157599	373.75
157699	373.75
157799	373.75
157899	373.75
157998	373.75
158098	373.75
158198	374.25
158297	374.25
158397	374.25
158497	374.75
158597	374.75
158696	374.75
158796	374.75
158896	374.75
158995	374.75
159095	375.50
159194	375.50
159294	375.50
159394	376.00
159493	376.00
159593	376.00
159693	375.75
159792	375.75
159892	375.75
159992	376.75
160092	376.75
160191	376.75
160291	376.50
160390	376.50
160490	376.50
160590	377.25
160689	377.25
160789	377.25
160888	376.50
160988	376.50
161088	376.50
161187	377.75
161287	377.75
161387	377.75
161486	378.25
161586	378.25
161685	378.25
161785	378.00
161885	378.00
161984	378.00
162084	378.50
162184	378.50
162317	378.50
162416	379.00
162516	379.00
162616	379.00
162715	379.50
162815	379.50
162915	379.50
163014	379.75
163114	379.75
163214	379.75
163313	379.50
163413	379.50
163513	379.50
163612	380.25
163712	380.25
163812	380.25
163911	380.50
164011	380.50
164111	380.50
164210	380.75
164310	380.75
164410	380.75
164510	381.25
164609	381.25
164709	381.25
164809	381.00
164909	381.00
165008	381.00
165108	381.75
165207	381.75
165307	381.75
165407	381.50
165506	381.50
165606	381.50
165706	382.25
165805	382.25
165905	382.25
166004	382.25
166104	382.25
166203	382.25
166303	382.50
166403	382.50
166503	382.50
166602	382.50
166702	382.50
166801	382.50
166901	383.50
167000	383.50
167100	383.50
167200	383.25
167300	383.25
167399	383.25
167499	384.00
167598	384.00
167698	384.00
167798	383.75
167897	383.75
167997	383.75
168097	384.25
168196	384.25
168296	384.25
168396	384.00
168495	384.00
168595	384.00
168694	385.00
168794	385.00
168894	385.00
168993	385.25
169093	385.25
169193	385.25
169292	385.75
169392	385.75
169492	385.75
169592	385.75
169691	385.75
169791	385.75
169890	386.00
169990	386.00
170090	386.00
170189	386.25
170289	386.25
170389	386.25
170489	386.50
170589	386.50
170688	386.50
170788	386.75
170888	386.75
170987	386.75
171087	387.00
171187	387.00
171286	387.00
171386	387.25
171485	387.25
171585	387.25
171685	387.50
171784	387.50
171884	387.50
172016	387.25
172116	387.25
172216	387.25
172315	387.75
172415	387.75
172515	387.75
172614	388.00
172714	388.00
172814	388.00
172913	388.50
173013	388.50
173113	388.50
173213	388.50
173312	388.50
173412	388.50
173511	388.50
173611	388.50
173711	388.50
173810	389.00
173910	389.00
174009	389.00
174109	389.25
174209	389.25
174308	389.25
174408	389.50
174507	389.50
174610	389.50
174709	390.00
174809	390.00
174909	390.00
175008	390.25
175108	390.25
175207	390.25
175307	390.50
175407	390.50
175506	390.50
175606	390.50
175706	390.50
175805	390.50
175905	391.00
176004	391.00
176104	391.00
176204	390.50
176303	390.50
176403	390.50
176503	391.00
176602	391.00
176702	391.00
176802	391.50
176902	391.50
177001	391.50
177101	391.50
177200	391.50
177300	391.50
177400	392.00
177499	392.00
177599	392.00
177698	392.25
177798	392.25
177898	392.25
177997	392.25
178097	392.25
178197	392.25
178296	392.00
178396	392.00
178496	392.00
178596	392.75
178695	392.75
178795	392.75
178894	393.00
178994	393.00
179094	393.00
179193	392.75
179293	392.75
179393	392.75
179492	393.50
179592	393.50
179691	393.50
179791	393.75
179891	393.75
179991	393.75
180090	393.75
180190	393.75
180290	393.75
180389	393.75
180489	393.75
180589	393.75
180688	394.25
180788	394.25
180887	394.25
180987	394.75
181086	394.75
181186	394.75
181285	394.50
181385	394.50
181484	394.50
181584	394.75
181683	394.75
181816	394.75
181916	395.25
182015	395.25
182115	395.25
182215	395.50
182314	395.50
182413	395.50
182513	395.50
182613	395.50
182712	395.50
182812	396.00
182911	396.00
183011	396.00
183110	396.25
183210	396.25
183309	396.25
183409	396.25
183508	396.25
183608	396.25
183707	395.75
183807	395.75
183907	395.75
184006	396.75
184106	396.75
184205	396.75
184305	396.50
184405	396.50
184504	396.50
184604	397.00
184703	397.00
184803	397.00
184902	397.00
185002	397.00
185102	397.00
185201	397.25
185301	397.25
185400	397.25
185500	397.50
185599	397.50
185699	397.50
185799	397.75
185898	397.75
185998	397.75
186098	398.00
186197	398.00
186297	398.00
186397	398.25
186497	398.25
186596	398.25
186695	398.50
186795	398.50
186895	398.50
186994	398.50
187094	398.50
187194	398.50
187293	398.75
187393	398.75
187493	398.75
187593	399.00
187692	399.00
187792	399.00
187892	398.75
187992	398.75
188091	398.75
188191	399.00
188291	399.00
188390	399.00
188490	399.25
188590	399.25
188689	399.25
188789	399.25
188888	399.25
188988	399.25
189088	399.50
189187	399.50
189287	399.50
189387	400.00
189520	400.00
189619	400.00
189719	400.00
189818	400.00
189918	400.00
190017	400.25
190117	400.25
190217	400.25
190316	400.00
190416	400.00
190516	400.00
190615	400.50
190715	400.50
190815	400.50
190914	400.25
191014	400.25
191114	400.25
191213	400.75
191313	400.75
191412	400.75
191512	400.75
191612	400.75
191711	400.75
191811	401.25
191910	401.25
192010	401.25
192110	401.25
192209	401.25
192309	401.25
192409	401.50
192509	401.50
192608	401.50
192708	401.75
192808	401.75
192907	401.75
193007	402.00
193107	402.00
193206	402.00
193306	402.25
193405	402.25
193505	402.25
193605	402.00
193705	402.00
193804	402.00
193904	402.25
194003	402.25
194103	402.25
194202	402.50
194302	402.50
194402	402.50
194501	402.50
194601	402.50
194701	402.50
194800	402.75
194900	402.75
194999	402.75
195099	402.75
195199	402.75
195298	402.75
195398	403.00
195497	403.00
195597	403.00
195697	403.25
195797	403.25
195896	403.25
195996	403.50
196096	403.50
196195	403.50
196295	403.50
196395	403.50
196494	403.50
196594	403.25
196693	403.25
196792	403.25
196892	403.75
196992	403.75
197091	403.75
197191	404.00
197291	404.00
197390	404.00
197490	403.75
197623	403.75
197722	403.75
197822	403.75
197921	403.75
198020	403.75
198120	404.00
198219	404.00
198319	404.00
198418	404.50
198518	404.50
198618	404.50
198717	404.75
198817	404.75
198917	404.75
199016	405.00
199116	405.00
199216	405.00
199315	405.00
199415	405.00
199514	405.00
199614	405.00
199713	405.00
199812	405.00
199912	405.25
200012	405.25
200111	405.25
200211	405.25
200310	405.25
200410	405.25
200510	405.50
200609	405.50
200709	405.50
200808	405.50
200908	405.50
201007	405.50
201107	405.75
201206	405.75
201305	405.75
201405	405.75
201504	405.75
201604	405.75
201704	406.00
201803	406.00
201903	406.00
202002	406.25
202102	406.25
202201	406.25
202300	406.25
202400	406.25
202500	406.25
202599	406.25
202699	406.25
202799	406.25
202898	406.50
202998	406.50
203097	406.50
203197	406.25
203297	406.25
203396	406.25
203496	406.50
203596	406.50
203695	406.50
203795	406.75
203894	406.75
203994	406.75
204094	406.50
204193	406.50
204326	406.50
204425	407.25
204525	407.25
204624	407.25
204724	407.25
204823	407.25
204923	407.25
205022	407.50
205122	407.50
205222	407.50
205321	407.00
205421	407.00
205521	407.00
205620	407.75
205720	407.75
205819	407.75
205919	407.75
206018	407.75
206118	407.75
206218	407.75
206317	407.75
206417	407.75
206516	408.00
206616	408.00
206715	408.00
206815	408.00
206914	408.00
207013	408.00
207113	408.25
207213	408.25
207312	408.25
207412	408.25
207511	408.25
207610	408.25
207710	408.25
207809	408.25
207908	408.25
208008	408.00
208107	408.00
208206	408.00
208306	408.50
208405	408.50
208505	408.50
208604	408.75
208704	408.75
208803	408.75
208903	408.75
209002	408.75
209102	408.75
209202	408.75
209301	408.75
209401	408.75
209500	409.25
209600	409.25
209700	409.25
209799	409.00
209899	409.00
209998	409.00
210098	409.00
210198	409.00
210297	409.00
210397	409.00
210496	409.00
210628	409.00
210728	409.25
210828	409.25
210927	409.25
211027	408.50
211127	408.50
211226	408.50
211326	409.50
211425	409.50
211525	409.50
211624	409.25
211724	409.25
211823	409.25
211923	409.75
212022	409.75
212122	409.75
212221	409.50
212321	409.50
212420	409.50
212520	409.25
212619	409.25
212719	409.25
212819	409.75
212918	409.75
213018	409.75
213118	410.00
213218	410.00
213317	410.00
213417	409.75
213517	409.75
213617	409.75
213716	410.25
213816	410.25
213916	410.25
214015	410.25
214115	410.25
214215	410.25
214314	410.25
214414	410.25
214514	410.25
214613	410.00
214713	410.00
214813	410.00
214912	410.25
215012	410.25
215111	410.25
215211	410.50
215311	410.50
215411	410.50
215511	410.75
215610	410.75
215710	410.75
215810	410.50
215909	410.50
216009	410.50
216108	411.00
216208	411.00
216308	411.00
216407	411.00
216506	411.00
216606	411.00
216705	411.25
216805	411.25
216904	411.25
217004	411.25
217104	411.25
217203	411.25
217303	411.25
217403	411.25
217502	411.25
217602	411.50
217702	411.50
217801	411.50
217901	411.50
218000	411.50
218100	411.50
218200	411.75
218300	411.75
218399	411.75
218499	411.25
218598	411.25
218698	411.25
218830	411.25
218930	411.25
219029	411.25
219129	412.00
219229	412.00
219328	412.00
219428	411.50
219528	411.50
219627	411.50
219727	411.75
219827	411.75
219926	411.75
220026	411.25
220125	411.25
220225	411.25
220325	412.00
220424	412.00
220524	412.00
220623	411.25
220723	411.25
220823	411.25
220923	411.75
221022	411.75
221122	411.75
221222	412.50
221322	412.50
221421	412.50
221521	412.25
221620	412.25
221720	412.25
221819	412.75
221919	412.75
222019	412.75
222118	412.75
222218	412.75
222318	412.75
222417	412.75
222517	412.75
222617	412.75
222716	413.00
222816	413.00
222916	413.00
223015	413.00
223115	413.00
223214	413.00
223314	413.00
223414	413.00
223514	413.00
223613	413.00
223713	413.00
223812	413.00
223912	413.25
224011	413.25
224111	413.25
224211	413.00
224310	413.00
224410	413.00
224509	413.50
224609	413.50
224709	413.50
224808	413.25
224908	413.25
225008	413.25
225108	413.00
225207	413.00
225307	413.00
225407	413.75
225506	413.75
225606	413.75
225706	413.50
225805	413.50
225905	413.50
226004	413.75
226104	413.75
226203	413.75
226303	414.00
226403	414.00
226502	414.00
226602	413.50
226734	413.50
226834	413.50
226934	414.25
227033	414.25
227133	414.25
227233	414.00
227332	414.00
227432	414.00
227532	414.25
227631	414.25
227731	414.25
227831	414.25
227931	414.25
228030	414.25
228130	414.25
228230	414.25
228329	414.25
228429	414.50
228528	414.50
228628	414.50
228728	413.75
228827	413.75
228927	413.75
229027	414.00
229127	414.00
229226	414.00
229326	414.50
229426	414.50
229525	414.50
229625	414.75
229725	414.75
229824	414.75
229924	414.75
230024	414.75
230123	414.75
230223	414.25
230323	414.25
230422	414.25
230522	414.50
230621	414.50
230721	414.50
230820	414.50
230920	414.50
231019	414.50
231119	415.25
231219	415.25
231319	415.25
231418	414.50
231518	414.50
231617	414.50
231717	415.25
231816	415.25
231916	415.25
232015	414.75
232115	414.75
232215	414.75
232314	415.25
232414	415.25
232514	415.25
232613	415.50
232713	415.50
232812	415.50
232912	415.25
233011	415.25
233111	415.25
233211	415.25
233310	415.25
233410	415.25
233509	415.50
233609	415.50
233709	415.50
233808	415.50
233908	415.50
234008	415.50
234107	415.50
234207	415.50
234306	415.50
234406	414.75
234539	414.75
234638	414.75
234738	415.00
234838	415.00
234938	415.00
235037	415.25
235137	415.25
235236	415.25
235336	415.50
235436	415.50
235535	415.50
235635	415.25
235735	415.25
235834	415.25
235934	415.75
236034	415.75
236133	415.75
236233	415.75
236333	415.75
236432	415.75
236532	415.25
236631	415.25
236731	415.25
236831	415.25
236930	415.25
237030	415.25
237129	415.50
237229	415.50
237328	415.50
237428	415.75
237528	415.75
237627	415.75
237727	416.00
237827	416.00
237926	416.00
238026	416.00
238125	416.00
238224	416.00
238324	415.75
238424	415.75
238523	415.75
238623	416.25
238723	416.25
238822	416.25
238922	416.25
239021	416.25
239120	416.25
239220	416.25
239319	416.25
239419	416.25
239519	416.00
239618	416.00
239718	416.00
239818	416.25
239917	416.25
240017	416.25
240116	416.00
240216	416.00
240315	416.00
240415	416.25
240515	416.25
240615	416.25
240714	416.25
240814	416.25
240913	416.25
241013	416.00
241112	416.00
241212	416.00
241312	416.25
241411	416.25
241511	416.25
241611	415.75
241710	415.75
241810	415.75
241943	416.25
242042	416.25
242141	416.25
242241	416.25
242341	416.25
242440	416.25
242540	416.25
242639	416.25
242739	416.25
242839	416.50
242938	416.50
243038	416.50
243137	416.50
243237	416.50
243337	416.50
243436	416.50
243536	416.50
243635	416.50
243735	416.50
243834	416.50
243934	416.50
244034	415.75
244134	415.75
244233	415.75
244333	416.50
244432	416.50
244532	416.50
244631	416.75
244731	416.75
244831	416.75
244930	416.50
245030	416.50
245129	416.50
245229	416.75
245328	416.75
245428	416.75
245527	416.50
245627	416.50
245726	416.50
245826	416.75
245926	416.75
246025	416.75
246125	416.75
246225	416.75
246325	416.75
246424	416.75
246524	416.75
246624	416.75
246724	416.75
246823	416.75
246922	416.75
247022	416.75
247121	416.75
247221	416.75
247321	416.75
247420	416.75
247519	416.75
247619	416.50
247719	416.50
247818	416.50
247918	416.50
248017	416.50
248117	416.50
248217	416.50
248316	416.50
248416	416.50
248515	416.50
248615	416.50
248714	416.50
248814	417.00
248914	417.00
249046	417.00
249113	416.75
249246	416.75
249346	416.75
249445	417.00
249545	417.00
249644	417.00
249744	417.00
249843	417.00
249943	417.00
250043	417.25
250142	417.25
250242	417.25
250341	417.00
250441	417.00
250540	417.00
250640	417.00
250740	417.00
250839	417.00
250939	417.00
251038	417.00
251138	417.00
251237	417.00
251337	417.00
251436	417.00
251535	417.25
251635	417.25
251735	417.25
251834	417.50
251934	417.50
252034	417.50
252133	417.00
252233	417.00
252333	417.00
252432	417.50
252532	417.50
252631	417.50
252731	417.50
252830	417.50
252930	417.50
253030	417.00
253130	417.00
253229	417.00
253329	417.00
253428	417.00
253528	417.00
253628	417.50
253727	417.50
253827	417.50
253926	417.50
254026	417.50
254126	417.50
254225	417.25
254325	417.25
254424	417.25
254524	417.25
254624	417.25
254723	417.25
254823	417.00
254922	417.00
255022	417.00
255121	417.50
255221	417.50
255321	417.50
255420	417.50
255520	417.50
255620	417.50
255719	417.50
255819	417.50
255918	417.50
256018	417.50
256151	417.50
256250	417.50
256350	417.75
256450	417.75
256549	417.75
256649	417.75
256749	417.75
256848	417.75
256948	417.75
257047	417.75
257147	417.75
257246	417.75
257346	417.75
257446	417.75
257546	417.75
257645	417.75
257745	417.75
257845	417.75
257944	417.75
258044	417.75
258144	417.75
258243	417.75
258343	417.75
258443	417.75
258542	417.75
258642	417.75
258741	417.75
258841	417.75
258941	417.75
259040	418.00
259140	418.00
259240	418.00
259339	418.00
259439	418.00
259538	418.00
259638	418.00
259737	418.00
259837	418.00
259937	417.50
260036	417.50
260136	417.50
260235	417.00
260335	417.00
260434	417.00
260534	417.75
260633	417.75
260733	417.75
260833	418.25
260932	418.25
261032	418.25
261132	417.75
261231	417.75
261331	417.75
261430	418.00
261530	418.00
261630	418.00
261729	417.50
261829	417.50
261929	417.50
262028	418.00
262128	418.00
262228	418.00
262327	418.00
262427	418.00
262527	418.00
262626	418.25
262726	418.25
262825	418.25
262925	418.25
263024	418.25
263124	418.25
263224	417.75
263323	417.75
263423	417.75
263522	418.25
263622	418.25
263721	418.25
263854	418.25
263954	418.25
264053	418.25
264152	417.75
264252	417.75
264351	417.75
264451	418.50
264550	418.50
264650	418.50
264749	418.00
264849	418.00
264949	418.00
265048	418.50
265148	418.50
265247	418.50
265347	418.00
265447	418.00
265546	418.00
265646	418.50
265745	418.50
265845	418.50
265945	418.50
266044	418.50
266144	418.50
266243	418.75
266343	418.75
266442	418.75
266542	418.75
266642	418.75
266742	418.75
266841	418.25
266941	418.25
267040	418.25
267140	418.25
267240	418.25
267339	418.25
267439	418.75
267538	418.75
267638	418.75
267737	418.75
267837	418.75
267937	418.75
268036	419.00
268136	419.00
268235	419.00
268335	419.00
268434	419.00
268534	419.00
268633	419.00
268733	419.00
268833	419.00
268933	419.25
269032	419.25
269132	419.25
269232	419.25
269332	419.25
269431	419.25
269531	419.25
269630	419.25
269730	419.25
269829	418.75
269929	418.75
270029	418.75
270128	418.75
270228	418.75
270327	418.75
270427	418.75
270560	418.75
270659	418.75
270759	418.75
270858	418.75
270958	418.75
271057	419.00
271157	419.00
271257	419.00
271357	419.00
271457	419.00
271556	419.00
271656	419.25
271755	419.25
271855	419.25
271954	419.25
272054	419.25
272154	419.25
272254	419.50
272353	419.50
272453	419.50
272552	419.25
272652	419.25
272751	419.25
272851	419.00
272950	419.00
273050	419.00
273150	419.25
273249	419.25
273349	419.25
273448	419.25
273548	419.25
273648	419.25
273748	419.75
273847	419.75
273947	419.75
274046	419.75
274146	419.75
274246	419.75
274345	419.50
274445	419.50
274545	419.50
274644	419.50
274744	419.50
274843	419.50
274943	419.50
275042	419.50
275142	419.50
275241	419.25
275341	419.25
275441	419.25
275540	419.50
275640	419.50
275739	419.50
275839	419.75
275938	419.75
276038	419.75
276137	419.50
276237	419.50
276337	419.50
276436	419.75
276536	419.75
276635	419.75
276735	419.25
276834	419.25
276934	419.25
277034	419.00
277133	419.00
277233	419.00
277333	419.00
277432	419.00
277532	419.00
277632	419.50
277731	419.50
277831	419.50
277931	419.50
278030	419.50
278130	419.50
278263	419.00
278329	419.00
278462	419.00
278562	419.50
278661	419.50
278761	419.50
278861	419.75
278960	419.75
279060	419.75
279159	419.50
279259	419.50
279359	419.50
279458	419.50
279558	419.50
279658	419.50
279757	419.25
279857	419.25
279956	419.25
280056	419.25
280155	419.25
280255	419.25
280354	419.50
280454	419.50
280554	419.50
280653	419.75
280753	419.75
280853	419.75
280952	419.00
281052	419.00
281151	419.00
281251	419.50
281351	419.50
281450	419.50
281550	419.00
281650	419.00
281749	419.00
281849	419.50
281949	419.50
282048	419.50
282148	419.50
282248	419.50
282347	419.50
282447	419.25
282546	419.25
282646	419.25
282746	419.00
282845	419.00
282945	419.00
283044	419.25
283144	419.25
283244	419.25
283343	419.00
283443	419.00
283542	419.00
283642	419.50
283742	419.50
283841	419.50
283941	419.75
284041	419.75
284140	419.75
284240	419.50
284339	419.50
284439	419.50
284539	419.50
284638	419.50
284738	419.50
284837	419.25
284937	419.25
285036	419.25
285136	419.50
285236	419.50
285336	419.50
285435	419.25
285535	419.25
285634	419.25
285767	419.50
285866	419.50
285966	419.50
286066	419.25
286165	419.25
286265	419.25
286364	419.75
286464	419.75
286563	419.75
286663	419.75
286763	419.75
286862	419.75
286962	419.75
287062	419.75
287161	419.75
287261	419.75
287361	419.75
287460	419.75
287560	419.75
287659	419.75
287759	419.75
287859	419.50
287958	419.50
288058	419.50
288158	419.00
288258	419.00
288357	419.00
288457	419.50
288557	419.50
288656	419.50
288756	419.75
288855	419.75
288955	419.75
289055	419.75
289154	419.75
289254	419.75
289354	419.75
289454	419.75
289553	419.75
289653	419.75
289752	419.75
289852	419.75
289952	419.75
290051	419.75
290150	419.75
290250	419.50
290350	419.50
290449	419.50
290549	420.00
290649	420.00
290748	420.00
290847	419.75
290947	419.75
291047	419.75
291146	419.75
291246	419.75
291346	419.75
291445	419.75
291545	419.75
291644	419.75
291744	419.50
291844	419.50
291943	419.50
292043	420.00
292143	420.00
292242	420.00
292342	420.00
292442	420.00
292541	420.00
292641	419.50
292740	419.50
292840	419.50
292940	420.25
293039	420.25
293139	420.25
293238	419.75
293371	419.75
293471	419.75
293570	420.25
293670	420.25
293770	420.25
293869	420.25
293969	420.25
294068	420.25
294168	420.25
294268	420.25
294367	420.25
294467	420.25
294567	420.25
294666	420.25
294766	420.25
294866	420.25
294965	420.25
295065	420.00
295165	420.00
295264	420.00
295364	420.00
295463	420.00
295563	420.00
295663	420.25
295762	420.25
295862	420.25
295962	419.75
296061	419.75
296161	419.75
296261	420.00
296361	420.00
296460	420.00
296560	420.25
296659	420.25
296759	420.25
296859	420.25
296958	420.25
297058	420.25
297157	420.50
297257	420.50
297357	420.50
297456	420.25
297556	420.25
297655	420.25
297755	420.50
297855	420.50
297955	420.50
298054	420.00
298154	420.00
298254	420.00
298353	420.50
298453	420.50
298553	420.50
298652	420.25
298752	420.25
298852	420.25
298951	420.25
299051	420.25
299150	420.25
299250	420.75
299350	420.75
299449	420.75
299549	420.25
299649	420.25
299748	420.25
299848	420.00
299948	420.00
300048	420.00
300147	420.50
300246	420.50
300346	420.50
300446	420.25
300545	420.25
300645	420.25
300745	420.50
300844	420.50
300944	420.50
301043	420.25
301143	420.25