POWER	40%
0	26.25
99	26.25
199	26.25
298	26.25
397	26.25
497	26.25
597	26.50
696	26.50
796	26.50
895	25.75
995	25.75
1094	25.75
1194	26.00
1293	26.00
1393	26.00
1492	26.50
1592	26.50
1692	26.50
1792	26.75
1891	26.75
1991	26.75
2090	27.75
2190	27.75
2290	27.75
2390	29.00
2489	29.00
2589	29.00
2688	30.50
2788	30.50
2887	30.50
3019	32.00
3119	32.00
3218	32.00
3317	33.50
3417	33.50
3516	33.50
3615	35.25
3715	35.25
3814	35.25
3913	36.50
4013	36.50
4112	36.50
4211	38.75
4311	38.75
4410	38.75
4509	41.00
4609	41.00
4708	41.00
4808	42.75
4908	42.75
5007	42.75
5107	45.00
5207	45.00
5306	45.00
5406	47.00
5506	47.00
5605	47.00
5705	49.50
5805	49.50
5904	49.50
6004	51.50
6103	51.50
6203	51.50
6303	54.00
6402	54.00
6501	54.00
6601	56.25
6701	56.25
6800	56.25
6900	58.50
6999	58.50
7099	58.50
7198	60.25
7298	60.25
7397	60.25
7497	62.75
7596	62.75
7696	62.75
7795	64.50
7895	64.50
7995	64.50
8094	67.00
8194	67.00
8293	67.00
8393	69.00
8492	69.00
8592	69.00
8692	70.25
8791	70.25
8891	70.25
8990	72.25
9090	72.25
9190	72.25
9289	74.50
9389	74.50
9488	74.50
9588	76.75
9720	76.75
9787	76.75
9920	78.25
10019	78.25
10119	78.25
10218	80.00
10318	80.00
10417	80.00
10516	82.25
10616	82.25
10716	82.25
10815	83.50
10915	83.50
11015	83.50
11114	85.25
11214	85.25
11313	85.25
11413	87.50
11512	87.50
11612	87.50
11712	88.25
11811	88.25
11911	88.25
12010	89.75
12110	89.75
12210	89.75
12309	92.25
12409	92.25
12508	92.25
12608	93.25
12708	93.25
12807	93.25
12907	95.00
13006	95.00
13106	95.00
13206	96.25
13305	96.25
13405	96.25
13504	97.75
13604	97.75
13703	97.75
13803	99.25
13903	99.25
14002	99.25
14102	100.75
14202	100.75
14301	100.75
14401	101.00
14500	101.00
14600	101.00
14699	103.25
14799	103.25
14898	103.25
14998	104.00
15098	104.00
15197	104.00
15297	105.25
15396	105.25
15496	105.25
15596	106.75
15695	106.75
15795	106.75
15894	107.50
15994	107.50
16094	107.50
16193	109.25
16293	109.25
16392	109.25
16492	110.25
16591	110.25
16691	110.25
16791	111.25
16890	111.25
16990	111.25
17089	112.25
17189	112.25
17288	112.25
17388	113.50
17487	113.50
17620	113.50
17720	114.00
17819	114.00
17919	114.00
18019	115.25
18118	115.25
18218	115.25
18317	116.25
18417	116.25
18517	116.25
18616	117.25
18716	117.25
18815	117.25
18915	117.50
19015	117.50
19115	117.50
19214	119.00
19314	119.00
19414	119.00
19513	119.25
19613	119.25
19713	119.25
19812	120.50
19912	120.50
20011	120.50
20111	121.25
20211	121.25
20310	121.25
20410	121.50
20509	121.50
20609	121.50
20709	123.00
20808	123.00
20908	123.00
21007	123.25
21107	123.25
21206	123.25
21306	124.00
21405	124.00
21505	124.00
21604	125.00
21704	125.00
21803	125.00
21903	126.00
22002	126.00
22102	126.00
22201	126.50
22301	126.50
22400	126.50
22500	127.25
22599	127.25
22699	127.25
22798	127.75
22898	127.75
22997	127.75
23097	128.25
23196	128.25
23296	128.25
23396	129.00
23495	129.00
23595	129.00
23694	129.50
23794	129.50
23893	129.50
23993	129.75
24093	129.75
24192	129.75
24292	130.75
24391	130.75
24491	130.75
24590	130.50
24689	130.50
24789	130.50
24888	131.75
24988	131.75
25087	131.75
25187	132.25
25320	132.25
25419	132.25
25519	132.25
25619	132.25
25719	132.25
25818	133.00
25917	133.00
26017	133.00
26117	134.00
26217	134.00
26316	134.00
26416	134.75
26515	134.75
26615	134.75
26714	134.75
26814	134.75
26914	134.75
27013	135.50
27113	135.50
27212	135.50
27312	136.00
27412	136.00
27511	136.00
27611	136.75
27711	136.75
27810	136.75
27910	136.75
28009	136.75
28109	136.75
28209	137.25
28308	137.25
28408	137.25
28507	138.00
28607	138.00
28706	138.00
28806	138.50
28906	138.50
29005	138.50
29105	138.75
29204	138.75
29304	138.75
29403	139.25
29503	139.25
29602	139.25
29702	139.50
29801	139.50
29901	139.50
30001	140.25
30100	140.25
30200	140.25
30299	140.25
30399	140.25
30498	140.25
30598	141.00
30698	141.00
30797	141.00
30897	141.25
30997	141.25
31096	141.25
31195	141.75
31295	141.75
31395	141.75
31494	142.00
31594	142.00
31694	142.00
31793	142.50
31893	142.50
31992	142.50
32092	142.75
32191	142.75
32291	142.75
32391	143.25
32490	143.25
32590	143.25
32690	143.75
32789	143.75
32889	143.75
32988	143.50
33088	143.50
33187	143.50
33287	143.75
33420	143.75
33486	143.75
33619	144.25
33719	144.25
33818	144.25
33918	144.25
34017	144.25
34117	144.25
34217	144.75
34316	144.75
34416	144.75
34515	145.00
34615	145.00
34715	145.00
34814	145.00
34914	145.00
35013	145.00
35113	145.75
35212	145.75
35312	145.75
35412	146.50
35511	146.50
35611	146.50
35710	146.50
35810	146.50
35909	146.50
36009	147.00
36109	147.00
36208	147.00
36308	146.75
36407	146.75
36507	146.75
36606	147.50
36706	147.50
36805	147.50
36905	147.50
37004	147.50
37104	147.50
37204	147.75
37303	147.75
37403	147.75
37503	148.25
37602	148.25
37702	148.25
37801	148.50
37901	148.50
38001	148.50
38100	148.75
38200	148.75
38299	148.75
38399	149.00
38499	149.00
38598	149.00
38697	149.25
38797	149.25
38897	149.25
38996	149.50
39096	149.50
39196	149.50
39295	150.00
39395	150.00
39495	150.00
39594	150.00
39694	150.00
39794	150.00
39893	150.25
39993	150.25
40093	150.25
40192	150.50
40292	150.50
40392	150.50
40491	150.75
40591	150.75
40690	150.75
40790	151.00
40889	151.00
40989	151.00
41089	151.00
41188	151.00
41288	151.00
41388	151.50
41487	151.50
41587	151.50
41686	151.25
41819	151.25
41919	151.25
42018	151.75
42118	151.75
42218	151.75
42317	152.25
42417	152.25
42517	152.25
42616	151.75
42716	151.75
42816	151.75
42915	152.50
43015	152.50
43114	152.50
43214	152.75
43314	152.75
43413	152.75
43513	152.50
43612	152.50
43712	152.50
43811	153.00
43911	153.00
44010	153.00
44110	153.00
44210	153.00
44309	153.00
44409	153.25
44509	153.25
44608	153.25
44708	153.00
44807	153.00
44907	153.00
45006	153.50
45106	153.50
45205	153.50
45305	154.00
45404	154.00
45504	154.00
45604	154.00
45703	154.00
45803	154.00
45902	154.00
46002	154.00
46101	154.00
46201	154.25
46301	154.25
46400	154.25
46500	154.50
46600	154.50
46699	154.50
46799	155.00
46898	155.00
46998	155.00
47097	155.00
47197	155.00
47297	155.00
47396	155.25
47496	155.25
47596	155.25
47695	155.25
47795	155.25
47894	155.25
47994	155.25
48093	155.25
48193	155.25
48292	155.25
48392	155.25
48492	155.25
48591	155.75
48691	155.75
48790	155.75
48890	155.75
48989	155.75
49089	155.75
49188	155.75
49288	155.75
49387	155.75
49487	156.25
49620	156.25
49719	156.25
49819	156.50
49918	156.50
50018	156.50
50118	156.25
50218	156.25
50317	156.25
50417	156.75
50517	156.75
50616	156.75
50716	156.75
50815	156.75
50915	156.75
51015	156.50
51114	156.50
51214	156.50
51314	156.50
51413	156.50
51512	156.50
51612	157.00
51712	157.00
51811	157.00
51911	156.75
52010	156.75
52110	156.75
52209	157.50
52309	157.50
52408	157.50
52508	157.50
52607	157.50
52707	157.50
52806	157.50
52906	157.50
53006	157.50
53105	157.50
53205	157.50
53304	157.50
53404	157.25
53503	157.25
53603	157.25
53703	158.00
53802	158.00
53902	158.00
54001	157.75
54101	157.75
54201	157.75
54300	158.25
54399	158.25
54499	158.25
54598	158.25
54698	158.25
54797	158.25
54897	158.50
54997	158.50
55097	158.50
55196	158.25
55296	158.25
55395	158.25
55495	158.00
55595	158.00
55695	158.00
55794	158.75
55894	158.75
55993	158.75
56093	158.75
56192	158.75
56292	158.75
56391	159.00
56491	159.00
56591	159.00
56690	159.25
56790	159.25
56890	159.25
56989	158.75
57089	158.75
57189	158.75
57288	158.75
57388	158.75
57487	158.75
57587	159.50
57686	159.50
57819	159.50
57886	159.50
58018	159.50
58118	159.50
58218	159.75
58317	159.75
58416	159.75
58516	159.25
58616	159.25
58715	159.25
58815	159.75
58914	159.75
59014	159.75
59114	160.00
59213	160.00
59313	160.00
59413	160.25
59512	160.25
59612	160.25
59711	160.00
59811	160.00
59910	160.00
60010	159.75
60109	159.75
60209	159.75
60308	160.50
60408	160.50
60508	160.50
60608	160.50
60707	160.50
60807	160.50
60907	159.75
61006	159.75
61106	159.75
61206	160.50
61305	160.50
61405	160.50
61504	160.50
61604	160.50
61704	160.50
61803	160.25
61903	160.25
62003	160.25
62102	160.50
62202	160.50
62301	160.50
62401	160.75
62500	160.75
62600	160.75
62699	161.00
62799	161.00
62898	161.00
62998	160.75
63097	160.75
63197	160.75
63296	161.00
63396	161.00
63495	161.00
63595	161.25
63694	161.25
63794	161.25
63894	161.25
63994	161.25
64093	161.25
64193	161.50
64292	161.50
64392	161.50
64491	161.25
64591	161.25
64690	161.25
64790	161.50
64889	161.50
64989	161.50
65088	161.25
65188	161.25
65288	161.25
65420	161.50
65520	161.50
65620	161.50
65719	161.00
65819	161.00
65918	161.00
66018	161.75
66118	161.75
66217	161.75
66317	161.75
66416	161.75
66516	161.75
66616	161.50
66715	161.50
66815	161.50
66915	162.00
67014	162.00
67114	162.00
67213	161.75
67313	161.75
67413	161.75
67512	161.50
67612	161.50
67712	161.50
67811	162.25
67911	162.25
68011	162.25
68110	162.25
68210	162.25
68310	162.25
68409	162.00
68509	162.00
68608	162.00
68708	161.75
68807	161.75
68907	161.75
69007	162.50
69106	162.50
69206	162.50
69305	162.00
69405	162.00
69504	162.00
69604	162.25
69704	162.25
69803	162.25
69903	162.75
70003	162.75
70102	162.75
70202	162.50
70301	162.50
70401	162.50
70501	162.25
70601	162.25
70700	162.25
70800	162.75
70899	162.75
70999	162.75
71098	163.00
71198	163.00
71298	163.00
71398	162.50
71497	162.50
71597	162.50
71696	163.00
71796	163.00
71896	163.00
71995	163.00
72095	163.00
72194	163.00
72294	162.75
72394	162.75
72493	162.75
72593	163.25
72692	163.25
72792	163.25
72891	162.75
72991	162.75
73091	162.75
73223	162.75
73323	162.75
73422	162.75
73522	162.75
73622	162.75
73721	162.75
73821	163.50
73921	163.50
74020	163.50
74120	163.50
74219	163.50
74319	163.50
74419	163.25
74518	163.25
74618	163.25
74717	163.50
74817	163.50
74916	163.50
75016	163.25
75115	163.25
75215	163.25
75314	163.25
75414	163.25
75514	163.25
75613	163.75
75713	163.75
75812	163.75
75912	163.75
76011	163.75
76111	163.75
76211	163.75
76310	163.75
76410	163.75
76510	163.75
76609	163.75
76709	163.75
76808	163.25
76908	163.25
77008	163.25
77107	163.50
77207	163.50
77307	163.50
77406	163.50
77506	163.50
77606	163.50
77705	163.75
77805	163.75
77904	163.75
78004	163.50
78103	163.50
78203	163.50
78302	163.75
78402	163.75
78501	163.75
78600	163.75
78700	163.75
78799	163.75
78899	164.00
78998	164.00
79098	164.00
79197	164.00
79297	164.00
79396	164.00
79495	164.25
79595	164.25
79695	164.25
79827	164.25
79927	164.25
80026	164.25
80126	164.25
80225	164.25
80325	164.25
80425	164.25
80524	164.25
80624	164.25
80723	163.75
80823	163.75
80923	163.75
81022	164.50
81122	164.50
81221	164.50
81321	163.75
81420	163.75
81520	163.75
81620	164.50
81719	164.50
81818	164.50
81918	164.75
82017	164.75
82117	164.75
82216	164.50
82316	164.50
82415	164.50
82515	164.50
82615	164.50
82714	164.50
82814	164.50
82914	164.50
83013	164.50
83113	164.50
83212	164.50
83312	164.50
83412	164.25
83511	164.25
83611	164.25
83710	164.50
83810	164.50
83909	164.50
84009	164.25
84108	164.25
84208	164.25
84307	164.50
84407	164.50
84507	164.50
84606	164.75
84706	164.75
84806	164.75
84905	164.25
85005	164.25
85104	164.25
85204	164.75
85303	164.75
85403	164.75
85503	165.00
85602	165.00
85702	165.00
85801	164.75
85901	164.75
86000	164.75
86100	165.00
86199	165.00
86299	165.00
86399	164.75
86498	164.75
86631	164.75
86730	165.00
86830	165.00
86929	165.00
87029	165.00
87128	165.00
87228	165.00
87328	165.00
87427	165.00
87527	165.00
87626	165.00
87726	165.00
87825	165.00
87925	165.00
88025	165.00
88124	165.00
88224	165.00
88323	165.00
88423	165.00
88522	165.25
88622	165.25
88722	165.25
88821	165.25
88921	165.25
89021	165.25
89120	164.75
89220	164.75
89319	164.75
89419	165.25
89519	165.25
89618	165.25
89718	165.50
89818	165.50
89917	165.50
90017	165.25
90116	165.25
90216	165.25
90316	165.50
90415	165.50
90515	165.50
90614	165.25
90714	165.25
90814	165.25
90913	165.50
91013	165.50
91113	165.50
91212	165.50
91312	165.50
91411	165.50
91511	165.25
91611	165.25
91710	165.25
91810	165.50
91909	165.50
92009	165.50
92108	165.50
92208	165.50
92308	165.50
92407	165.50
92507	165.50
92607	165.50
92706	165.50
92806	165.50
92906	165.50
93006	165.50
93105	165.50
93205	165.50
93304	165.50
93404	165.50
93503	165.50
93602	165.25
93702	165.25
93801	165.25
93934	165.75
94034	165.75
94133	165.75
94233	166.00
94332	166.00
94432	166.00
94532	165.75
94631	165.75
94731	165.75
94830	165.75
94930	165.75
95029	165.75
95129	165.75
95229	165.75
95328	165.75
95428	165.50
95528	165.50
95627	165.50
95727	165.75
95826	165.75
95926	165.75
96025	166.00
96125	166.00
96225	166.00
96324	166.00
96424	166.00
96524	166.00
96623	166.00
96723	166.00
96822	166.00
96922	166.00
97021	166.00
97121	166.00
97221	165.50
97321	165.50
97420	165.50
97520	166.00
97619	166.00
97719	166.00
97819	166.25
97918	166.25
98018	166.25
98117	165.75
98217	165.75
98317	165.75
98417	165.75
98516	165.75
98616	165.75
98715	166.25
98815	166.25
98914	166.25
99014	166.25
99113	166.25
99213	166.25
99312	166.00
99412	166.00
99511	166.00
99611	166.00
99710	166.00
99810	166.00
99909	166.50
100009	166.50
100108	166.50
100208	166.25
100307	166.25
100407	166.25
100506	166.25
100606	166.25
100705	166.25
100805	166.00
100938	166.00
101037	166.00
101137	166.00
101236	166.00
101335	166.00
101435	166.50
101534	166.50
101634	166.50
101734	166.50
101833	166.50
101932	166.50
102032	166.00
102132	166.00
102231	166.00
102331	166.50
102430	166.50
102530	166.50
102630	166.50
102729	166.50
102829	166.50
102928	166.25
103028	166.25
103127	166.25
103227	166.50
103327	166.50
103426	166.50
103526	166.50
103625	166.50
103725	166.50
103824	166.25
103924	166.25
104023	166.25
104123	166.50
104222	166.50
104322	166.50
104422	166.50
104521	166.50
104621	166.50
104720	166.50
104820	166.50
POWER	80%
105019	166.50
105118	166.50
105218	166.50
105317	166.50
105417	166.50
105517	166.50
105616	166.25
105716	166.25
105815	166.25
105915	166.50
106014	166.50
106114	166.50
106213	166.50
106313	166.50
106412	166.50
106512	167.25
106611	167.25
106711	167.25
106810	168.00
106910	168.00
107009	168.00
107109	169.00
107208	169.00
107308	169.00
107407	169.75
107507	169.75
107607	169.75
107739	171.50
107839	171.50
107939	171.50
108038	172.75
108138	172.75
108237	172.75
108337	174.50
108436	174.50
108536	174.50
108635	176.75
108735	176.75
108834	176.75
108934	177.75
109034	177.75
109133	177.75
109232	179.75
109332	179.75
109432	179.75
109531	181.50
109631	181.50
109731	181.50
109830	183.75
109930	183.75
110029	183.75
110129	186.00
110229	186.00
110328	186.00
110428	188.25
110527	188.25
110627	188.25
110726	189.75
110826	189.75
110925	189.75
111025	192.25
111125	192.25
111224	192.25
111324	194.75
111423	194.75
111523	194.75
111622	196.75
111722	196.75
111821	196.75
111921	199.00
112020	199.00
112120	199.00
112220	201.00
112319	201.00
112419	201.00
112519	203.00
112618	203.00
112718	203.00
112817	205.25
112917	205.25
113016	205.25
113116	207.00
113215	207.00
113315	207.00
113415	209.25
113514	209.25
113614	209.25
113714	211.25
113813	211.25
113913	211.25
114012	213.00
114112	213.00
114212	213.00
114344	215.00
114444	215.00
114543	215.00
114643	216.75
114742	216.75
114842	216.75
114941	218.50
115041	218.50
115140	218.50
115239	220.25
115339	220.25
115439	220.25
115538	222.00
115638	222.00
115737	222.00
115837	224.00
115936	224.00
116036	224.00
116135	225.75
116235	225.75
116334	225.75
116434	227.25
116533	227.25
116633	227.25
116733	228.75
116832	228.75
116932	228.75
117032	229.75
117131	229.75
117231	229.75
117331	231.50
117430	231.50
117530	231.50
117630	233.75
117729	233.75
117829	233.75
117928	234.75
118028	234.75
118128	234.75
118227	236.50
118327	236.50
118427	236.50
118526	238.00
118626	238.00
118725	238.00
118825	239.00
118925	239.00
119024	239.00
119124	240.25
119223	240.25
119323	240.25
119423	241.75
119522	241.75
119622	241.75
119721	242.75
119821	242.75
119921	242.75
120020	244.75
120120	244.75
120219	244.75
120319	245.50
120419	245.50
120518	245.50
120618	246.00
120717	246.00
120817	246.00
120916	247.75
121016	247.75
121116	247.75
121216	249.00
121348	249.00
121448	249.00
121548	250.50
121647	250.50
121747	250.50
121846	251.25
121946	251.25
122046	251.25
122145	251.75
122245	251.75
122344	251.75
122444	253.75
122544	253.75
122643	253.75
122743	254.75
122842	254.75
122942	254.75
123042	255.25
123141	255.25
123241	255.25
123340	256.75
123439	256.75
123539	256.75
123639	257.75
123738	257.75
123838	257.75
123937	258.75
124037	258.75
124136	258.75
124236	259.00
124336	259.00
124435	259.00
124535	260.75
124635	260.75
124734	260.75
124834	261.50
124933	261.50
125033	261.50
125132	262.00
125232	262.00
125332	262.00
125431	263.25
125531	263.25
125630	263.25
125730	264.00
125829	264.00
125929	264.00
126028	264.75
126128	264.75
126228	264.75
126327	265.00
126427	265.00
126526	265.00
126626	266.50
126726	266.50
126825	266.50
126925	267.25
127025	267.25
127124	267.25
127224	268.25
127324	268.25
127423	268.25
127523	269.00
127623	269.00
127722	269.00
127822	269.75
127921	269.75
128020	269.75
128120	270.25
128220	270.25
128319	270.25
128419	271.00
128518	271.00
128651	271.00
128750	272.00
128850	272.00
128949	272.00
129049	272.25
129148	272.25
129248	272.25
129348	273.00
129447	273.00
129547	273.00
129646	273.75
129746	273.75
129845	273.75
129945	274.25
130045	274.25
130144	274.25
130244	275.25
130344	275.25
130443	275.25
130543	275.25
130643	275.25
130743	275.25
130842	275.75
130942	275.75
131041	275.75
131141	277.00
131241	277.00
131340	277.00
131440	277.50
131539	277.50
131639	277.50
131738	277.75
131838	277.75
131938	277.75
132037	278.50
132136	278.50
132236	278.50
132335	279.00
132434	279.00
132534	279.00
132634	279.50
132734	279.50
132833	279.50
132933	280.00
133033	280.00
133132	280.00
133232	280.75
133332	280.75
133432	280.75
133531	281.00
133631	281.00
133731	281.00
133830	281.75
133930	281.75
134029	281.75
134129	282.00
134228	282.00
134328	282.00
134428	282.75
134527	282.75
134627	282.75
134727	283.50
134826	283.50
134926	283.50
135025	284.00
135125	284.00
135224	284.00
135324	284.00
135423	284.00
135523	284.00
135623	284.75
135722	284.75
135822	284.75
135921	285.50
136054	285.50
136154	285.50
136253	286.00
136353	286.00
136453	286.00
136552	286.50
136652	286.50
136751	286.50
136851	287.00
136950	287.00
137050	287.00
137150	287.25
137250	287.25
137349	287.25
137449	287.75
137548	287.75
137648	287.75
137748	288.25
137847	288.25
137947	288.25
138047	288.75
138146	288.75
138246	288.75
138346	289.00
138445	289.00
138545	289.00
138645	289.00
138744	289.00
138844	289.00
138943	289.50
139043	289.50
139143	289.50
139242	290.00
139342	290.00
139441	290.00
139541	290.25
139640	290.25
139739	290.25
139839	290.75
139939	290.75
140038	290.75
140138	291.50
140238	291.50
140337	291.50
140437	291.75
140537	291.75
140636	291.75
140736	291.75
140835	291.75
140935	291.75
141034	292.25
141134	292.25
141233	292.25
141333	292.75
141432	292.75
141532	292.75
141632	293.25
141731	293.25
141831	293.25
141931	293.75
142030	293.75
142130	293.75
142229	293.75
142329	293.75
142428	293.75
142528	294.00
142628	294.00
142727	294.00
142827	294.25
142926	294.25
143026	294.25
143125	295.25
143225	295.25
143325	295.25
143424	295.25
143524	295.25
143656	295.25
143756	295.50
143855	295.50
143955	295.50
144054	295.75
144154	295.75
144253	295.75
144353	296.50
144452	296.50
144552	296.50
144652	296.75
144751	296.75
144851	296.75
144950	297.00
145050	297.00
145150	297.00
145249	297.50
145349	297.50
145448	297.50
145548	297.75
145648	297.75
145747	297.75
145847	297.50
145946	297.50
146046	297.50
146145	298.25
146244	298.25
146344	298.25
146443	298.00
146542	298.00
146641	298.00
146741	298.75
146840	298.75
146939	298.75
147039	299.25
147138	299.25
147237	299.25
147337	299.25
147436	299.25
147535	299.25
147634	299.75
147734	299.75
147833	299.75
147932	300.00
148032	300.00
148131	300.00
148230	300.25
148330	300.25
148429	300.25
148528	300.50
148627	300.50
148727	300.50
148859	300.75
148959	300.75
149058	300.75
149157	301.00
149256	301.00
149356	301.00
149455	301.25
149554	301.25
149654	301.25
149753	301.25
149852	301.25
149952	301.25
150051	302.00
150150	302.00
150250	302.00
150349	301.75
150448	301.75
150548	301.75
150647	302.25
150746	302.25
150846	302.25
150945	302.50
151044	302.50
151144	302.50
151243	303.00
151342	303.00
151441	303.00
151541	303.25
151640	303.25
151739	303.25
151839	303.50
151938	303.50
152038	303.50
152137	303.75
152237	303.75
152336	303.75
152435	303.75
152534	303.75
152634	303.75
152733	304.00
152833	304.00
152932	304.00
153031	304.50
153130	304.50
153229	304.50
153329	304.75
153428	304.75
153527	304.75
153660	304.75
153759	304.75
153858	304.75
153957	304.75
154057	304.75
154156	304.75
154255	305.00
154355	305.00
154454	305.00
154553	305.50
154653	305.50
154752	305.50
154851	305.75
154950	305.75
155050	305.75
155149	305.50
155248	305.50
155348	305.50
155447	306.00
155546	306.00
155646	306.00
155745	306.25
155844	306.25
155944	306.25
156043	306.50
156142	306.50
156241	306.50
156341	306.50
156440	306.50
156539	306.50
156638	307.00
156738	307.00
156837	307.00
156936	307.00
157035	307.00
157135	307.00
157234	307.50
157333	307.50
157432	307.50
157532	307.00
157631	307.00
157730	307.00
157829	307.75
157929	307.75
158028	307.75
158160	307.75
158260	307.75
158359	307.75
158458	307.75
158557	307.75
158657	307.75
158756	308.25
158855	308.25
158955	308.25
159054	308.00
159153	308.00
159253	308.00
159352	308.50
159451	308.50
159551	308.50
159650	308.75
159749	308.75
159848	308.75
159948	309.00
160047	309.00
160146	309.00
160246	309.00
160345	309.00
160444	309.00
160544	309.25
160643	309.25
160742	309.25
160841	309.50
160941	309.50
161040	309.50
161139	309.75
161239	309.75
161338	309.75
161437	309.75
161537	309.75
161636	309.75
161735	310.00
161834	310.00
161934	310.00
162033	309.75
162132	309.75
162232	309.75
162331	310.25
162430	310.25
162529	310.25
162662	310.50
162761	310.50
162861	310.50
162960	311.00
163059	311.00
163158	311.00
163258	310.50
163357	310.50
163456	310.50
163555	310.50
163655	310.50
163754	310.50
163853	310.75
163953	310.75
164052	310.75
164151	310.75
164251	310.75
164350	310.75
164449	311.50
164549	311.50
164648	311.50
164747	311.75
164847	311.75
164946	311.75
165045	311.75
165145	311.75
165244	311.75
165343	311.75
165442	311.75
165542	311.75
165641	312.00
165740	312.00
165839	312.00
165939	312.00
166038	312.00
166137	312.00
166237	311.75
166336	311.75
166435	311.75
166535	312.25
166634	312.25
166733	312.25
166832	312.50
166932	312.50
167064	312.50
167164	312.50
167263	312.50
167362	312.50
167461	312.50
167561	312.50
167660	312.50
167759	312.75
167859	312.75
167958	312.75
168057	313.00
168156	313.00
168255	313.00
168355	313.50
168454	313.50
168553	313.50
168652	313.50
168752	313.50
168851	313.50
168950	313.50
169049	313.50
169149	313.50
169248	313.75
169347	313.75
169446	313.75
169546	313.50
169645	313.50
169744	313.50
169843	314.00
169943	314.00
170042	314.00
170141	314.25
170241	314.25
170340	314.25
170439	314.25
170539	314.25
170638	314.25
170737	314.00
170837	314.00
170936	314.00
171036	314.50
171135	314.50
171235	314.50
171334	314.50
171434	314.50
171533	314.50
171666	315.00
171732	315.00
171865	315.00
171965	314.25
172064	314.25
172164	314.25
172263	314.00
172363	314.00
172462	314.00
172562	315.00
172661	315.00
172761	315.00
172860	315.25
172959	315.25
173059	315.25
173158	315.25
173258	315.25
173357	315.25
173457	315.00
173556	315.00
173656	315.00
173755	315.75
173855	315.75
173954	315.75
174054	315.25
174154	315.25
174253	315.25
174353	315.75
174452	315.75
174552	315.75
174651	315.75
174750	315.75
174850	315.75
174949	316.00
175049	316.00
175148	316.00
175248	316.25
175347	316.25
175447	316.25
175546	316.50
175646	316.50
175745	316.50
175845	316.25
175944	316.25
176044	316.25
176143	316.50
176242	316.50
176342	316.50
176441	317.00
176541	317.00
176640	317.00
176740	317.00
176839	317.00
176938	317.00
177038	317.25
177137	317.25
177237	317.25
177336	317.50
177436	317.50
177535	317.50
177667	317.25
177767	317.25
177866	317.25
177966	317.50
178065	317.50
178164	317.50
178264	317.00
178363	317.00
178463	317.00
178562	317.50
178662	317.50
178761	317.50
178860	317.75
178960	317.75
179059	317.75
179159	317.75
179258	317.75
179358	317.75
179457	317.75
179557	317.75
179656	317.75
179756	317.75
179855	317.75
179955	317.75
180054	318.00
180154	318.00
180253	318.00
180353	318.00
180452	318.00
180552	318.00
180651	318.25
180751	318.25
180850	318.25
180950	318.25
181049	318.25
181149	318.25
181248	318.25
181348	318.25
181447	318.25
181547	318.25
181646	318.25
181746	318.25
181846	318.50
181945	318.50
182044	318.50
182144	318.50
182243	318.50
182343	318.50
182442	318.25
182542	318.25
182642	318.25
182741	318.25
182841	318.25
182940	318.25
183040	318.75
183140	318.75
183239	318.75
183339	318.75
183438	318.75
183538	318.75
183637	318.75
183737	318.75
183836	318.75
183969	319.50
184068	319.50
184168	319.50
184268	319.00
184367	319.00
184467	319.00
184566	319.00
184666	319.00
184765	319.00
184865	319.25
184964	319.25
185063	319.25
185163	319.75
185262	319.75
185362	319.75
185461	319.25
185560	319.25
185660	319.25
185759	319.75
185858	319.75
185958	319.75
186058	319.75
186157	319.75
186256	319.75
186356	319.50
186455	319.50
186555	319.50
186654	319.50
186754	319.50
186853	319.50
186953	319.75
187052	319.75
187151	319.75
187251	319.75
187350	319.75
187450	319.75
187549	319.25
187648	319.25
187748	319.25
187847	319.75
187947	319.75
188046	319.75
188145	320.00
188245	320.00
188344	320.00
188444	320.25
188543	320.25
188642	320.25
188742	320.00
188841	320.00
188940	320.00
189040	320.25
189139	320.25
189239	320.25
189372	320.25
189471	320.25
189571	320.25
189670	320.25
189769	320.25
189869	320.25
189968	320.75
190068	320.75
190167	320.75
190267	320.50
190366	320.50
190466	320.50
190566	320.00
190665	320.00
190764	320.00
190864	320.00
190963	320.00
191063	320.00
191162	320.25
191262	320.25
191361	320.25
191461	320.50
191560	320.50
191659	320.50
191759	320.75
191858	320.75
191957	320.75
192057	320.75
192156	320.75
192256	320.75
192355	320.75
192455	320.75
192554	320.75
192653	320.75
192753	320.75
192853	320.75
192952	321.00
193052	321.00
193151	321.00
193251	321.00
193350	321.00
193450	321.00
193549	321.00
193649	321.00
193748	321.00
193847	320.75
193947	320.75
194046	320.75
194146	320.75
194245	320.75
194344	320.75
194444	321.00
194543	321.00
194643	321.00
194742	321.75
194842	321.75
194941	321.75
195041	321.00
195173	321.00
195272	321.00
195372	321.25
195471	321.25
195571	321.25
195670	321.75
195769	321.75
195869	321.75
195968	321.50
196068	321.50
196167	321.50
196266	322.00
196366	322.00
196465	322.00
196565	321.75
196664	321.75
196764	321.75
196863	322.00
196962	322.00
197062	322.00
197161	322.00
197261	322.00
197360	322.00
197460	321.75
197559	321.75
197659	321.75
197758	321.75
197858	321.75
197957	321.75
198057	321.75
198156	321.75
198255	321.75
198355	321.75
198454	321.75
198554	321.75
198653	321.75
198753	321.75
198852	321.75
198952	322.00
199051	322.00
199151	322.00
199250	322.00
199350	322.00
199449	322.00
199548	321.75
199648	321.75
199747	321.75
199846	322.00
199946	322.00
200045	322.00
200145	322.25
200244	322.25
200376	322.25
200476	322.25
200575	322.25
200675	322.25
200774	322.00
200874	322.00
200973	322.00
201073	322.00
201172	322.00
201272	322.00
201371	322.00
201471	322.00
201570	322.00
201669	322.50
201769	322.50
201868	322.50
201968	322.25
202067	322.25
202167	322.25
202266	322.25
202365	322.25
202465	322.25
202564	322.25
202664	322.25
202763	322.25
202862	322.25
202962	322.25
203061	322.25
203160	322.25
203260	322.25
203359	322.25
203459	322.75
203559	322.75
203658	322.75
203757	323.00
203857	323.00
203956	323.00
204056	322.50
204155	322.50
204255	322.50
204354	322.75
204454	322.75
204553	322.75
204652	322.75
204752	322.75
204851	322.75
204951	322.50
205050	322.50
205150	322.50
205249	323.00
205348	323.00
205448	323.00
205547	322.75
205647	322.75
205779	322.75
205878	323.50
205978	323.50
206077	323.50
206177	322.75
206276	322.75
206375	322.75
206475	322.75
206574	322.75
206674	322.75
206773	323.00
206873	323.00
206972	323.00
207071	323.00
207171	323.00
207270	323.00
207370	323.25
207469	323.25
207569	323.25
207668	323.25
207767	323.25
207867	323.25
207966	323.25
208066	323.25
208165	323.25
208265	323.25
208364	323.25
208463	323.25
208563	323.50
208662	323.50
208761	323.50
208861	323.50
208960	323.50
209060	323.50
209160	323.50
209259	323.50
209359	323.50
209458	323.50
209558	323.50
209657	323.50
209756	323.25
209856	323.25
209955	323.25
210055	323.25
210154	323.25
210254	323.25
210353	323.50
210452	323.50
210552	323.50
210651	323.50
210751	323.50
210851	323.50
210950	323.50
211049	323.50
211149	323.50
211248	323.75
211348	323.75
211447	323.75
211579	323.75
211679	323.75
211778	323.75
211878	323.50
211978	323.50
212077	323.50
212176	323.75
212276	323.75
212376	323.75
212475	323.75
212575	323.75
212674	323.75
212774	323.75
212873	323.75
212973	323.75
213072	324.00
213172	324.00
213271	324.00
213370	324.00
213470	324.00
213569	324.00
213669	324.00
213768	324.00
213868	324.00
213967	324.25
214067	324.25
214167	324.25
214266	324.00
214365	324.00
214465	324.00
214564	324.25
214663	324.25
214763	324.25
214862	324.25
214961	324.25
215061	324.25
215160	324.00
215260	324.00
215359	324.00
215459	323.75
215558	323.75
215658	323.75
215757	323.75
215857	323.75
215957	323.75
216056	324.50
216155	324.50
216255	324.50
216354	324.00
216454	324.00
216553	324.00
216653	324.25
216752	324.25
216851	324.25
216951	324.50
217083	324.50
217183	324.50
217282	324.25
217382	324.25
217481	324.25
217580	324.75
217680	324.75
217780	324.75
217879	324.75
217979	324.75
218078	324.75
218178	324.25
218277	324.25
218377	324.25
218477	324.25
218576	324.25
218675	324.25
218775	324.50
218874	324.50
218973	324.50
219073	324.00
219172	324.00
219272	324.00
219371	324.75
219471	324.75
219570	324.75
219669	324.00
219769	324.00
219868	324.00
219968	324.50
220067	324.50
220166	324.50
220266	324.50
220365	324.50
220465	324.50
220565	325.00
220664	325.00
220764	325.00
220863	325.00
220963	325.00
221062	325.00
221161	324.75
221261	324.75
221360	324.75
221460	324.75
221559	324.75
221658	324.75
221758	324.00
221857	324.00
221957	324.00
222056	324.75
222156	324.75
222255	324.75
222355	324.00
222454	324.00
222554	324.00
222653	324.25
222753	324.25
222886	324.25
222985	324.75
223085	324.75
223184	324.75
223283	324.50
223383	324.50
223482	324.50
223582	324.50
223681	324.50
223781	324.50
223880	324.75
223980	324.75
224079	324.75
224178	325.25
224278	325.25
224377	325.25
224477	325.00
224577	325.00
224676	325.00
224775	325.00
224875	325.00
224974	325.00
225074	325.25
225173	325.25
225273	325.25
225373	325.25
225472	325.25
225572	325.25
225671	325.00
225771	325.00
225870	325.00
225970	325.25
226069	325.25
226169	325.25
226268	324.25
226368	324.25
226467	324.25
226567	325.25
226666	325.25
226766	325.25
226865	325.00
226965	325.00
227067	325.00
227164	325.00
227263	325.00
227363	325.00
227462	324.75
227562	324.75
227661	324.75
227761	325.25
227860	325.25
227960	325.25
228059	325.50
228159	325.50
228258	325.50
228358	325.00
228457	325.00
228557	325.00
228656	325.25
228756	325.25
228855	325.25
228988	325.25
229087	325.25
229187	325.25
229286	325.50
229386	325.50
229485	325.50
229585	325.25
229685	325.25
229785	325.25
229884	325.50
229983	325.50
230083	325.50
230183	325.50
230282	325.50
230381	325.50
230481	325.25
230580	325.25
230680	325.25
230780	325.25
230879	325.25
230979	325.25
231078	325.00
231178	325.00
231277	325.00
231377	325.50
231477	325.50
231576	325.50
231676	325.25
231775	325.25
231875	325.25
231974	325.00
232074	325.00
232173	325.00
232273	325.50
232373	325.50
232472	325.50
232572	326.00
232671	326.00
232771	326.00
232870	325.25
232970	325.25
233069	325.25
233169	325.50
233268	325.50
233368	325.50
233467	325.75
233567	325.75
233666	325.75
233766	325.25
233865	325.25
233965	325.25
234065	325.75
234164	325.75
234264	325.75
234363	325.50
234463	325.50
234562	325.50
234662	325.75
234761	325.75
234861	325.75
234961	325.50
235060	325.50
235160	325.50
235260	325.75
235359	325.75
235459	325.75
235591	325.50
235691	325.50
235791	325.50
235890	325.50
235990	325.50
236089	325.50
236189	325.75
236288	325.75
236388	325.75
236487	325.75
236587	325.75
236686	325.75
236786	325.75
236885	325.75
236985	325.75
237084	325.75
237184	325.75
237284	325.75
237383	326.00
237483	326.00
237583	326.00
237682	325.75
237782	325.75
237881	325.75
237981	326.00
238080	326.00
238180	326.00
238279	325.75
238379	325.75
238478	325.75
238578	326.00
238677	326.00
238777	326.00
238876	325.75
238976	325.75
239075	325.75
239175	326.00
239274	326.00
239374	326.00
239473	325.75
239573	325.75
239673	325.75
239772	326.00
239872	326.00
239972	326.00
240071	326.00
240171	326.00
240270	326.00
240370	326.00
240470	326.00
240569	326.00
240669	326.00
240768	326.00
240868	326.00
240968	326.00
241067	326.00
241167	326.00
241266	326.25
241366	326.25
241465	326.25
241565	326.00
241665	326.00
241764	326.00
241864	326.00
241963	326.00
242062	326.00
242162	326.00
242262	326.00
242394	326.00
242493	326.00
242593	326.00
242692	326.00
242792	326.25
242891	326.25
242991	326.25
243090	326.00
243190	326.00
243289	326.00
243389	326.00
243488	326.00
243588	326.00
243687	326.00
243787	326.00
243886	326.00
243986	326.00
244085	326.00
244185	326.00
244284	326.00
244384	326.00
244484	326.00
244583	326.25
244683	326.25
244782	326.25
244882	326.00
244982	326.00
245081	326.00
245181	326.00
245280	326.00
245380	326.00
245479	326.00
245579	326.00
245678	326.00
245778	326.25
245877	326.25
245977	326.25
246077	326.00
246176	326.00
246276	326.00
246376	326.25
246475	326.25
246575	326.25
246674	326.25
246774	326.25
246873	326.25
246972	326.25
247072	326.25
247171	326.25
247271	326.25
247370	326.25
247470	326.25
247569	326.00
247669	326.00
247768	326.00
247868	326.25
247967	326.25
248067	326.25
248166	326.25
248265	326.25
248398	326.25
248498	326.25
248597	326.25
248696	326.25
248796	326.00
248895	326.00
248995	326.00
249095	326.00
249194	326.00
249294	326.00
249393	326.50
249492	326.50
249592	326.50
249691	326.25
249790	326.25
249890	326.25
249989	326.25
250089	326.25
250188	326.25
250287	326.25
250387	326.25
250486	326.25
250586	326.00
250685	326.00
250785	326.00
250884	326.25
250984	326.25
251083	326.25
251183	326.00
251282	326.00
251382	326.00
251481	326.50
251580	326.50
251680	326.50
251779	326.25
251879	326.25
251979	326.25
252078	326.25
252178	326.25
252277	326.25
252377	326.00
252476	326.00
252576	326.00
252675	326.25
